J=[-4.4430, 0, 0.9077;
    -1.191, 0, 0.2432;
    0, 4.5997, 0.3420;
    0, 0.9659, 0;
    0, 0.2588, 0;
    1, 0, 0];

F=[0.3;2.0;8.0;0;7.0;0.8];

q=[0.8;0.15;0.2];


t=(J.')*F

%eps = J*q


